list(C=c(2.60000E+01, 3.30000E+01, 3.70000E+01, 2.10000E+01, 1.80000E+01, 2.50000E+01, 2.90000E+01, 2.80000E+01, 2.90000E+01, 2.90000E+01, 2.90000E+01, 4.10000E+01, 3.60000E+01, 3.70000E+01, 4.70000E+01, 4.30000E+01, 5.40000E+01, 5.10000E+01, 5.50000E+01, 6.90000E+01, 7.90000E+01, 9.40000E+01, 9.20000E+01, 1.17000E+02, 1.04000E+02, 1.32000E+02, 1.62000E+02, 1.76000E+02, 1.72000E+02, 1.81000E+02, 1.87000E+02, 2.06000E+02, 2.26000E+02, 2.34000E+02, 2.54000E+02, 2.39000E+02, 2.50000E+02, 2.60000E+02, 2.65000E+02, 2.31000E+02), n=4.00000E+01, year=c(-1.66803E+00, -1.58249E+00, -1.49695E+00, -1.41141E+00, -1.32587E+00, -1.24033E+00, -1.15479E+00, -1.06925E+00, -9.83709E-01, -8.98169E-01, -8.12629E-01, -7.27089E-01, -6.41549E-01, -5.56009E-01, -4.70469E-01, -3.84930E-01, -2.99390E-01, -2.13850E-01, -1.28310E-01, -4.27699E-02, 4.27699E-02, 1.28310E-01, 2.13850E-01, 2.99390E-01, 3.84930E-01, 4.70469E-01, 5.56009E-01, 6.41549E-01, 7.27089E-01, 8.12629E-01, 8.98169E-01, 9.83709E-01, 1.06925E+00, 1.15479E+00, 1.24033E+00, 1.32587E+00, 1.41141E+00, 1.49695E+00, 1.58249E+00, 1.66803E+00))
