list(alpha=-1.20342E+00, beta1=1.43365E+00)
