list(alpha=1.40507E+00, beta1=2.52325E+00)
