list(alpha=-1.56999E+00, beta1=-2.94751E+00)
